-4.329780281177467662e-17 1.000000000000000000e+00 4.329780281177465196e-17
0.000000000000000000e+00 8.660254037844385966e-01 5.000000000000001110e-01
3.535533905932737864e-01 8.660254037844385966e-01 3.535533905932738419e-01
5.000000000000001110e-01 8.660254037844385966e-01 3.061616997868383634e-17
3.535533905932738419e-01 8.660254037844385966e-01 -3.535533905932737864e-01
6.123233995736767268e-17 8.660254037844385966e-01 -5.000000000000001110e-01
-3.535533905932737864e-01 8.660254037844385966e-01 -3.535533905932738974e-01
-5.000000000000001110e-01 8.660254037844385966e-01 -9.184850993605150903e-17
-3.535533905932738974e-01 8.660254037844385966e-01 3.535533905932737309e-01
0.000000000000000000e+00 4.999999999999999445e-01 8.660254037844387076e-01
6.123724356957944703e-01 4.999999999999999445e-01 6.123724356957945814e-01
8.660254037844387076e-01 4.999999999999999445e-01 5.302876193624534574e-17
6.123724356957945814e-01 4.999999999999999445e-01 -6.123724356957944703e-01
1.060575238724906915e-16 4.999999999999999445e-01 -8.660254037844387076e-01
-6.123724356957944703e-01 4.999999999999999445e-01 -6.123724356957946924e-01
-8.660254037844387076e-01 4.999999999999999445e-01 -1.590862858087360249e-16
-6.123724356957946924e-01 4.999999999999999445e-01 6.123724356957944703e-01
0.000000000000000000e+00 0.000000000000000000e+00 1.000000000000000000e+00
7.071067811865474617e-01 0.000000000000000000e+00 7.071067811865475727e-01
1.000000000000000000e+00 0.000000000000000000e+00 6.123233995736766036e-17
7.071067811865475727e-01 0.000000000000000000e+00 -7.071067811865474617e-01
1.224646799147353207e-16 0.000000000000000000e+00 -1.000000000000000000e+00
-7.071067811865474617e-01 0.000000000000000000e+00 -7.071067811865476838e-01
-1.000000000000000000e+00 0.000000000000000000e+00 -1.836970198721029688e-16
-7.071067811865476838e-01 0.000000000000000000e+00 7.071067811865473507e-01
0.000000000000000000e+00 -4.999999999999999445e-01 8.660254037844387076e-01
6.123724356957944703e-01 -4.999999999999999445e-01 6.123724356957945814e-01
8.660254037844387076e-01 -4.999999999999999445e-01 5.302876193624534574e-17
6.123724356957945814e-01 -4.999999999999999445e-01 -6.123724356957944703e-01
1.060575238724906915e-16 -4.999999999999999445e-01 -8.660254037844387076e-01
-6.123724356957944703e-01 -4.999999999999999445e-01 -6.123724356957946924e-01
-8.660254037844387076e-01 -4.999999999999999445e-01 -1.590862858087360249e-16
-6.123724356957946924e-01 -4.999999999999999445e-01 6.123724356957944703e-01
